23 21
1 1
21 19
1 1 1 1 1 1 1 1 1 1 1 1 1 1 1 1 1 1 1 1 1 1 1
1 0 1 0 0 0 1 0 0 0 0 0 0 0 0 0 0 0 1 0 1 0 1
1 0 1 0 1 0 1 0 1 1 1 1 1 1 1 0 1 0 1 0 1 0 1
1 0 1 0 1 0 1 0 0 0 0 0 0 0 1 0 1 0 1 0 1 0 1
1 0 1 0 1 0 1 1 1 1 1 1 1 1 1 0 1 0 1 0 1 0 1
1 0 1 0 1 0 1 0 0 0 0 0 0 0 1 0 1 0 0 0 1 0 1
1 0 1 0 1 0 1 0 1 1 1 1 1 0 1 0 1 1 1 1 1 0 1
1 0 1 0 1 0 1 0 0 0 0 0 1 0 1 0 1 0 0 0 1 0 1
1 0 1 1 1 0 1 1 1 0 1 0 1 0 1 0 1 0 1 0 1 0 1
1 0 0 0 0 0 1 0 0 0 1 0 1 0 1 0 1 0 1 0 1 0 1
1 1 1 0 1 1 1 1 1 1 1 0 1 0 1 0 1 1 1 0 1 0 1
1 0 0 0 0 0 1 0 0 0 0 0 1 0 1 0 0 0 1 0 1 0 1
1 1 1 1 1 0 1 0 1 1 1 1 1 0 1 1 1 0 1 0 0 0 1
1 0 0 0 1 0 0 0 0 0 1 0 0 0 0 0 1 0 1 0 1 0 1
1 0 1 0 1 1 1 1 1 0 1 1 1 0 1 0 1 0 1 0 1 0 1
1 0 1 0 0 0 0 0 1 0 1 0 0 0 1 0 0 0 1 0 1 0 1
1 0 1 1 1 1 1 0 1 0 1 0 1 1 1 0 1 1 1 0 1 0 1
1 0 1 0 0 0 1 0 1 0 1 0 0 0 1 0 1 0 0 0 1 0 1
1 0 1 0 1 0 1 0 1 1 1 1 1 0 1 0 1 0 1 0 1 0 1
1 0 0 0 1 0 1 0 0 0 0 0 0 0 1 0 0 0 1 0 1 0 1
1 1 1 1 1 1 1 1 1 1 1 1 1 1 1 1 1 1 1 1 1 1 1


[[1, 1, 1, 1, 1]
 [1, 8, 8, 8, 1]
 [1, 8, 1, 8, 1]
 [1, 8, 1, 8, 1]
 [1, 8, 1, 0, 1]
 [1, 1, 1, 1, 1]]
